Seed: Bryson (1240119761)
MIN: 0.37641496736116037 MAX: 0.6215572734440822
WATER: 0.40092919796945253 GRASS: 0.49898612040262125 FOREST: 0.59704304283579 MTN: 0.6215572734440822
0.52 0.46 0.46 0.52 0.47 0.49 0.50 0.46 0.52 0.50 0.49 0.45 0.57 0.51 0.46 0.53 0.49 0.49 0.53 0.51 0.50 0.51 0.54 0.49 0.45 0.49 0.47 0.56 0.55 0.53 
0.59 0.51 0.46 0.51 0.51 0.45 0.50 0.46 0.51 0.49 0.47 0.51 0.50 0.45 0.49 0.54 0.55 0.51 0.50 0.54 0.50 0.52 0.54 0.49 0.51 0.51 0.42 0.53 0.48 0.51 
0.49 0.55 0.52 0.55 0.50 0.46 0.49 0.56 0.51 0.49 0.48 0.54 0.47 0.48 0.51 0.48 0.44 0.51 0.47 0.54 0.48 0.47 0.53 0.49 0.47 0.46 0.57 0.47 0.48 0.40 
0.48 0.43 0.39 0.44 0.55 0.41 0.52 0.51 0.50 0.44 0.54 0.53 0.46 0.52 0.48 0.51 0.54 0.43 0.53 0.42 0.52 0.54 0.45 0.48 0.50 0.43 0.50 0.45 0.54 0.49 
0.55 0.44 0.40 0.44 0.48 0.47 0.45 0.47 0.50 0.56 0.44 0.55 0.49 0.51 0.47 0.53 0.43 0.54 0.46 0.54 0.47 0.47 0.56 0.53 0.43 0.45 0.54 0.41 0.47 0.49 
0.54 0.55 0.54 0.51 0.55 0.50 0.53 0.50 0.51 0.45 0.53 0.47 0.51 0.49 0.51 0.51 0.55 0.45 0.54 0.45 0.53 0.55 0.55 0.47 0.41 0.52 0.48 0.60 0.52 0.50 
0.50 0.48 0.54 0.52 0.47 0.49 0.48 0.51 0.50 0.50 0.49 0.51 0.47 0.50 0.52 0.45 0.54 0.52 0.47 0.50 0.50 0.50 0.45 0.50 0.50 0.50 0.51 0.42 0.52 0.52 
0.52 0.57 0.53 0.49 0.58 0.49 0.54 0.50 0.41 0.47 0.47 0.47 0.52 0.54 0.53 0.49 0.49 0.46 0.54 0.44 0.48 0.46 0.45 0.50 0.49 0.49 0.52 0.50 0.52 0.48 
0.57 0.44 0.47 0.47 0.53 0.46 0.46 0.44 0.49 0.52 0.52 0.52 0.49 0.53 0.44 0.49 0.54 0.44 0.48 0.47 0.54 0.46 0.50 0.54 0.49 0.46 0.58 0.41 0.50 0.52 
0.55 0.48 0.54 0.55 0.38 0.49 0.52 0.49 0.49 0.47 0.58 0.50 0.46 0.45 0.42 0.55 0.56 0.51 0.50 0.49 0.54 0.49 0.54 0.49 0.42 0.51 0.42 0.50 0.52 0.42 
0.42 0.55 0.48 0.57 0.41 0.52 0.48 0.48 0.53 0.49 0.53 0.51 0.59 0.49 0.57 0.49 0.50 0.54 0.47 0.44 0.52 0.53 0.51 0.50 0.53 0.51 0.51 0.51 0.53 0.46 
0.52 0.46 0.50 0.51 0.56 0.50 0.51 0.50 0.47 0.57 0.50 0.50 0.52 0.52 0.48 0.52 0.50 0.51 0.50 0.48 0.49 0.45 0.50 0.49 0.46 0.47 0.54 0.50 0.44 0.55 
0.50 0.53 0.55 0.49 0.49 0.41 0.58 0.53 0.50 0.49 0.48 0.51 0.45 0.47 0.56 0.41 0.52 0.47 0.46 0.50 0.47 0.52 0.48 0.51 0.52 0.46 0.45 0.53 0.54 0.47 
0.46 0.55 0.55 0.43 0.48 0.56 0.47 0.49 0.51 0.47 0.50 0.55 0.46 0.51 0.50 0.46 0.42 0.51 0.55 0.56 0.47 0.47 0.52 0.50 0.42 0.41 0.47 0.50 0.46 0.45 
0.52 0.53 0.49 0.49 0.53 0.46 0.47 0.49 0.51 0.45 0.45 0.58 0.52 0.53 0.50 0.42 0.53 0.51 0.45 0.48 0.49 0.51 0.51 0.56 0.47 0.45 0.50 0.53 0.50 0.50 
0.51 0.49 0.51 0.48 0.49 0.46 0.50 0.50 0.53 0.46 0.54 0.50 0.51 0.56 0.46 0.52 0.54 0.55 0.54 0.50 0.49 0.47 0.48 0.54 0.51 0.47 0.47 0.50 0.55 0.51 
0.48 0.51 0.49 0.51 0.50 0.50 0.51 0.49 0.52 0.46 0.47 0.53 0.47 0.50 0.55 0.48 0.50 0.44 0.51 0.50 0.50 0.51 0.49 0.52 0.51 0.47 0.49 0.47 0.46 0.49 
0.53 0.46 0.52 0.54 0.50 0.42 0.47 0.49 0.49 0.52 0.50 0.52 0.53 0.50 0.48 0.50 0.59 0.51 0.59 0.50 0.47 0.46 0.52 0.49 0.51 0.43 0.49 0.47 0.54 0.48 
0.47 0.56 0.47 0.50 0.49 0.51 0.44 0.53 0.48 0.48 0.52 0.48 0.49 0.54 0.54 0.45 0.53 0.58 0.46 0.53 0.48 0.48 0.51 0.49 0.44 0.47 0.46 0.50 0.42 0.44 
0.57 0.57 0.54 0.46 0.58 0.46 0.52 0.57 0.54 0.47 0.50 0.49 0.46 0.61 0.40 0.53 0.57 0.51 0.51 0.44 0.46 0.52 0.52 0.51 0.53 0.49 0.50 0.59 0.46 0.55 
0.58 0.56 0.50 0.50 0.48 0.51 0.53 0.54 0.54 0.60 0.49 0.50 0.52 0.49 0.47 0.44 0.45 0.55 0.47 0.44 0.55 0.47 0.47 0.50 0.50 0.48 0.45 0.52 0.49 0.52 
0.47 0.49 0.52 0.47 0.56 0.57 0.47 0.49 0.52 0.54 0.46 0.46 0.49 0.49 0.51 0.51 0.49 0.47 0.52 0.43 0.48 0.55 0.54 0.60 0.50 0.54 0.52 0.57 0.50 0.48 
0.51 0.49 0.52 0.58 0.52 0.48 0.48 0.48 0.49 0.48 0.52 0.49 0.48 0.48 0.53 0.57 0.48 0.54 0.44 0.50 0.51 0.48 0.49 0.48 0.45 0.52 0.44 0.49 0.51 0.49 
0.46 0.56 0.48 0.46 0.54 0.54 0.45 0.51 0.55 0.48 0.52 0.49 0.54 0.46 0.51 0.55 0.45 0.44 0.51 0.46 0.41 0.52 0.48 0.50 0.49 0.48 0.51 0.48 0.54 0.44 
0.58 0.53 0.50 0.46 0.54 0.51 0.43 0.44 0.51 0.43 0.58 0.46 0.52 0.52 0.51 0.57 0.53 0.48 0.47 0.55 0.58 0.44 0.53 0.52 0.46 0.50 0.49 0.57 0.47 0.51 
0.47 0.47 0.49 0.57 0.47 0.47 0.49 0.50 0.53 0.54 0.41 0.53 0.48 0.48 0.48 0.54 0.51 0.41 0.54 0.44 0.56 0.47 0.51 0.52 0.61 0.45 0.44 0.48 0.49 0.47 
0.50 0.52 0.51 0.56 0.41 0.47 0.45 0.45 0.45 0.46 0.53 0.49 0.58 0.50 0.52 0.50 0.50 0.52 0.44 0.48 0.49 0.50 0.61 0.52 0.50 0.53 0.50 0.55 0.44 0.51 
0.47 0.48 0.52 0.59 0.54 0.45 0.51 0.50 0.55 0.53 0.44 0.51 0.48 0.48 0.53 0.52 0.49 0.47 0.49 0.52 0.50 0.46 0.52 0.51 0.56 0.54 0.48 0.57 0.47 0.44 
0.46 0.47 0.53 0.48 0.51 0.51 0.51 0.56 0.58 0.45 0.53 0.51 0.52 0.55 0.50 0.51 0.46 0.45 0.43 0.53 0.50 0.48 0.49 0.49 0.44 0.49 0.51 0.55 0.41 0.50 
0.51 0.48 0.52 0.62 0.57 0.50 0.50 0.54 0.50 0.48 0.47 0.50 0.59 0.56 0.52 0.47 0.57 0.52 0.49 0.46 0.50 0.50 0.57 0.58 0.50 0.54 0.53 0.51 0.48 0.61 
